%YAML:1.0
---
rms: 1.5810303864312064e-01
camera_matrix: !!opencv-matrix
   rows: 3
   cols: 3
   dt: d
   data: [ 3.9091617186371207e+02, 0., 5.2694315245220082e+02, 0.,
       3.9071760214341600e+02, 3.8884668065060134e+02, 0., 0., 1. ]
dist_coefs: !!opencv-matrix
   rows: 1
   cols: 5
   dt: d
   data: [ -3.9054126683110320e-03, -3.4044730058567611e-02,
       -1.1801181717167179e-03, -1.0308444142433158e-03,
       1.0250266685794065e-02 ]
h: 720
w: 1018
